xof 0303txt 0032

Frame Root {
  FrameTransformMatrix {
     1.000000, 0.000000, 0.000000, 0.000000,
     0.000000,-0.000000, 1.000000, 0.000000,
     0.000000, 1.000000, 0.000000, 0.000000,
     0.000000, 0.000000, 0.000000, 1.000000;;
  }
  Frame Spider_Armature {
    FrameTransformMatrix {
      20.000000, 0.000000, 0.000000, 0.000000,
       0.000000,20.000000, 0.000000, 0.000000,
       0.000000, 0.000000,20.000000, 0.000000,
       0.000000, 0.242230,41.005440, 1.000000;;
    }
    Frame Spider_Armature_Body_003 {
      FrameTransformMatrix {
        -0.500236,-0.321583,-0.803958, 0.000000,
        -0.000000,-0.928477, 0.371391, 0.000000,
        -0.865889, 0.185783, 0.464458, 0.000000,
        -0.000000,-0.050572,-0.000000, 1.000000;;
      }
      Frame Spider_Armature_Body_002 {
        FrameTransformMatrix {
           0.581499,-0.348502,-0.735124, 0.000000,
          -0.321585,-0.928477, 0.185784, 0.000000,
          -0.747292, 0.128372,-0.651979, 0.000000,
          -0.853804, 0.227464, 0.493255, 1.000000;;
        }
        Frame Spider_Armature_Body {
          FrameTransformMatrix {
            -0.345650,-0.000002,-0.938363, 0.000000,
             0.000000,-1.000000, 0.000002, 0.000000,
            -0.938363, 0.000001, 0.345650, 0.000000,
             0.638724, 0.795572,-0.235274, 1.000000;;
          }
          Frame Spider_Armature_Body2 {
            FrameTransformMatrix {
               1.000000,-0.000001,-0.000001, 0.000000,
               0.000001, 1.000000,-0.000001, 0.000000,
               0.000001, 0.000001, 1.000000, 0.000000,
               0.000001, 1.800001,-0.100004, 1.000000;;
            }
          } // End of Spider_Armature_Body2
          Frame Spider_Armature_FU_1_L {
            FrameTransformMatrix {
               0.302410,-0.407290, 0.861779, 0.000000,
               0.407287,-0.762204,-0.503152, 0.000000,
               0.861780, 0.503150,-0.064615, 0.000000,
               0.538699,-0.183409,-0.161901, 1.000000;;
            }
            Frame Spider_Armature_FU_2_L {
              FrameTransformMatrix {
                 0.432825, 0.647804, 0.626908, 0.000000,
                -0.316428, 0.760348,-0.567225, 0.000000,
                -0.844118, 0.047138, 0.534081, 0.000000,
                 0.000000, 0.616358,-0.000000, 1.000000;;
              }
              Frame Spider_Armature_FU_3_L {
                FrameTransformMatrix {
                   0.533421, 0.157864, 0.830988, 0.000000,
                  -0.321529, 0.946527, 0.026581, 0.000000,
                  -0.782356,-0.281365, 0.555655, 0.000000,
                   0.000000, 0.644929, 0.000000, 1.000000;;
                }
              } // End of Spider_Armature_FU_3_L
            } // End of Spider_Armature_FU_2_L
          } // End of Spider_Armature_FU_1_L
          Frame Spider_Armature_FU_1_R {
            FrameTransformMatrix {
               0.302412,-0.632392, 0.713181, 0.000000,
              -0.407294,-0.762200,-0.503152, 0.000000,
               0.861777,-0.138315,-0.488068, 0.000000,
              -0.538703,-0.183408,-0.161900, 1.000000;;
            }
            Frame Spider_Armature_FU_2_R {
              FrameTransformMatrix {
                 0.498170,-0.598745, 0.627161, 0.000000,
                 0.107411, 0.760346, 0.640575, 0.000000,
                -0.860401,-0.251751, 0.443094, 0.000000,
                 0.000000, 0.616358, 0.000000, 1.000000;;
              }
              Frame Spider_Armature_FU_3_R {
                FrameTransformMatrix {
                   0.598828,-0.306196, 0.740033, 0.000000,
                   0.274515, 0.946526, 0.169499, 0.000000,
                  -0.752360, 0.101650, 0.650862, 0.000000,
                   0.000000, 0.644929,-0.000000, 1.000000;;
                }
              } // End of Spider_Armature_FU_3_R
            } // End of Spider_Armature_FU_2_R
          } // End of Spider_Armature_FU_1_R
          Frame Spider_Armature_Zahn_L {
            FrameTransformMatrix {
              -0.957383, 0.151083,-0.246152, 0.000000,
              -0.057287,-0.934670,-0.350870, 0.000000,
              -0.283081,-0.321816, 0.903493, 0.000000,
               0.233564,-0.505673,-0.202596, 1.000000;;
            }
          } // End of Spider_Armature_Zahn_L
          Frame Spider_Armature_Zahn_R {
            FrameTransformMatrix {
              -0.957383, 0.048224,-0.284766, 0.000000,
               0.057284,-0.934670,-0.350870, 0.000000,
              -0.283083,-0.352230, 0.892075, 0.000000,
              -0.233568,-0.505673,-0.202596, 1.000000;;
            }
          } // End of Spider_Armature_Zahn_R
          Frame Spider_Armature_v2_B1_L {
            FrameTransformMatrix {
              -0.373920,-0.606764, 0.701442, 0.000000,
               0.926242,-0.283051, 0.248913, 0.000000,
               0.047513, 0.742777, 0.667850, 0.000000,
               0.589574, 0.832684,-0.355596, 1.000000;;
            }
            Frame Spider_Armature_v2_B2_L {
              FrameTransformMatrix {
                 0.314144,-0.526951,-0.789707, 0.000000,
                -0.243977, 0.759070,-0.603564, 0.000000,
                 0.917491, 0.382275, 0.109893, 0.000000,
                 0.000000, 1.468890, 0.000000, 1.000000;;
              }
              Frame Spider_Armature_v2_B3_L {
                FrameTransformMatrix {
                   0.860510,-0.463723,-0.210914, 0.000000,
                   0.334993, 0.826994,-0.451506, 0.000000,
                   0.383798, 0.317872, 0.866982, 0.000000,
                  -0.000000, 2.048182, 0.000000, 1.000000;;
                }
              } // End of Spider_Armature_v2_B3_L
            } // End of Spider_Armature_v2_B2_L
          } // End of Spider_Armature_v2_B1_L
          Frame Spider_Armature_v2_B1_R {
            FrameTransformMatrix {
              -0.361570, 0.480666,-0.798892, 0.000000,
              -0.926244,-0.283048, 0.248910, 0.000000,
              -0.106482, 0.829965, 0.547556, 0.000000,
              -0.589574, 0.832686,-0.355595, 1.000000;;
            }
            Frame Spider_Armature_v2_B2_R {
              FrameTransformMatrix {
                 0.307855, 0.470218, 0.827115, 0.000000,
                 0.337027, 0.759071,-0.556979, 0.000000,
                -0.889740, 0.450228, 0.075208, 0.000000,
                -0.000000, 1.468890, 0.000000, 1.000000;;
              }
              Frame Spider_Armature_v2_B3_R {
                FrameTransformMatrix {
                   0.823942, 0.463719, 0.325707, 0.000000,
                  -0.270641, 0.826995,-0.492776, 0.000000,
                  -0.497869, 0.317870, 0.806900, 0.000000,
                   0.000000, 2.048179, 0.000000, 1.000000;;
                }
              } // End of Spider_Armature_v2_B3_R
            } // End of Spider_Armature_v2_B2_R
          } // End of Spider_Armature_v2_B1_R
          Frame Spider_Armature_v3_B1_L {
            FrameTransformMatrix {
               0.262741,-0.545814,-0.795647, 0.000000,
               0.962663, 0.203982, 0.177966, 0.000000,
               0.065161,-0.812698, 0.579032, 0.000000,
               0.589575, 1.152219,-0.355596, 1.000000;;
            }
            Frame Spider_Armature_v3_B2_L {
              FrameTransformMatrix {
                -0.101893, 0.465882, 0.878961, 0.000000,
                 0.372872, 0.837031,-0.400434, 0.000000,
                -0.922272, 0.286937,-0.259001, 0.000000,
                 0.000000, 1.355402, 0.000000, 1.000000;;
              }
              Frame Spider_Armature_v3_B3_L {
                FrameTransformMatrix {
                   0.872508, 0.475711, 0.111498, 0.000000,
                  -0.454466, 0.873936,-0.172326, 0.000000,
                  -0.179419, 0.099684, 0.978710, 0.000000,
                  -0.000000, 1.820552, 0.000000, 1.000000;;
                }
              } // End of Spider_Armature_v3_B3_L
            } // End of Spider_Armature_v3_B2_L
          } // End of Spider_Armature_v3_B1_L
          Frame Spider_Armature_v3_B1_R {
            FrameTransformMatrix {
               0.251952, 0.434738, 0.864594, 0.000000,
              -0.962661, 0.203987, 0.177963, 0.000000,
              -0.098999,-0.877150, 0.469902, 0.000000,
              -0.589573, 1.152222,-0.355596, 1.000000;;
            }
            Frame Spider_Armature_v3_B2_R {
              FrameTransformMatrix {
                -0.091801,-0.421553,-0.902144, 0.000000,
                -0.422078, 0.837033,-0.348179, 0.000000,
                 0.901900, 0.348811,-0.254768, 0.000000,
                 0.000000, 1.355401,-0.000000, 1.000000;;
              }
              Frame Spider_Armature_v3_B3_R {
                FrameTransformMatrix {
                   0.848595,-0.475705,-0.231498, 0.000000,
                   0.426151, 0.873938,-0.233723, 0.000000,
                   0.313498, 0.099683, 0.944343, 0.000000,
                  -0.000000, 1.820552,-0.000000, 1.000000;;
                }
              } // End of Spider_Armature_v3_B3_R
            } // End of Spider_Armature_v3_B2_R
          } // End of Spider_Armature_v3_B1_R
          Frame Spider_Armature_v4_B1_L {
            FrameTransformMatrix {
               0.749157,-0.641290,-0.165861, 0.000000,
               0.659226, 0.746277, 0.092152, 0.000000,
               0.064683,-0.178375, 0.981835, 0.000000,
               0.564328, 1.483043,-0.335540, 1.000000;;
            }
            Frame Spider_Armature_v4_B2_L {
              FrameTransformMatrix {
                 0.863469, 0.460502, 0.205817, 0.000000,
                -0.281316, 0.778344,-0.561287, 0.000000,
                -0.418668, 0.426752, 0.801622, 0.000000,
                -0.000000, 1.625591, 0.000000, 1.000000;;
              }
              Frame Spider_Armature_v4_B3_L {
                FrameTransformMatrix {
                   0.979095, 0.200932, 0.031605, 0.000000,
                  -0.179096, 0.925283,-0.334326, 0.000000,
                  -0.096420, 0.321675, 0.941928, 0.000000,
                  -0.000000, 2.153013, 0.000000, 1.000000;;
                }
              } // End of Spider_Armature_v4_B3_L
            } // End of Spider_Armature_v4_B2_L
          } // End of Spider_Armature_v4_B1_L
          Frame Spider_Armature_v4_B1_R {
            FrameTransformMatrix {
               0.749160, 0.641287, 0.165860, 0.000000,
              -0.659222, 0.746280, 0.092152, 0.000000,
              -0.064683,-0.178374, 0.981835, 0.000000,
              -0.564325, 1.483045,-0.335539, 1.000000;;
            }
            Frame Spider_Armature_v4_B2_R {
              FrameTransformMatrix {
                 0.863469,-0.460502,-0.205817, 0.000000,
                 0.281316, 0.778345,-0.561286, 0.000000,
                 0.418667, 0.426751, 0.801622, 0.000000,
                 0.000000, 1.625592, 0.000000, 1.000000;;
              }
              Frame Spider_Armature_v4_B3_R {
                FrameTransformMatrix {
                   0.979095,-0.200932,-0.031605, 0.000000,
                   0.179097, 0.925284,-0.334326, 0.000000,
                   0.096420, 0.321676, 0.941928, 0.000000,
                   0.000000, 2.153013, 0.000000, 1.000000;;
                }
              } // End of Spider_Armature_v4_B3_R
            } // End of Spider_Armature_v4_B2_R
          } // End of Spider_Armature_v4_B1_R
          Frame Spider_Armature_v_B1_L {
            FrameTransformMatrix {
              -0.811343,-0.546689, 0.207013, 0.000000,
               0.582446,-0.786174, 0.206610, 0.000000,
               0.049796, 0.288204, 0.956273, 0.000000,
               0.580955, 0.496197,-0.296620, 1.000000;;
            }
            Frame Spider_Armature_v_B2_L {
              FrameTransformMatrix {
                 0.926493,-0.323688,-0.191930, 0.000000,
                 0.178913, 0.827588,-0.532061, 0.000000,
                 0.331059, 0.458609, 0.824668, 0.000000,
                -0.000000, 1.593527,-0.000000, 1.000000;;
              }
              Frame Spider_Armature_v_B3_L {
                FrameTransformMatrix {
                   0.914119,-0.404851, 0.021980, 0.000000,
                   0.369806, 0.810316,-0.454567, 0.000000,
                   0.166220, 0.423657, 0.890443, 0.000000,
                   0.000000, 1.842399, 0.000000, 1.000000;;
                }
              } // End of Spider_Armature_v_B3_L
            } // End of Spider_Armature_v_B2_L
          } // End of Spider_Armature_v_B1_L
          Frame Spider_Armature_v_B1_R {
            FrameTransformMatrix {
              -0.811996, 0.550950,-0.192655, 0.000000,
              -0.582447,-0.786173, 0.206609, 0.000000,
              -0.037630, 0.279975, 0.959269, 0.000000,
              -0.580955, 0.496199,-0.296619, 1.000000;;
            }
            Frame Spider_Armature_v_B2_R {
              FrameTransformMatrix {
                 0.911714, 0.346765, 0.220302, 0.000000,
                -0.186867, 0.827589,-0.529318, 0.000000,
                -0.365866, 0.441418, 0.819324, 0.000000,
                 0.000000, 1.593527,-0.000000, 1.000000;;
              }
              Frame Spider_Armature_v_B3_R {
                FrameTransformMatrix {
                   0.911792, 0.404849,-0.068797, 0.000000,
                  -0.392613, 0.810318,-0.435014, 0.000000,
                  -0.120367, 0.423653, 0.897793, 0.000000,
                   0.000000, 1.842396, 0.000000, 1.000000;;
                }
              } // End of Spider_Armature_v_B3_R
            } // End of Spider_Armature_v_B2_R
          } // End of Spider_Armature_v_B1_R
        } // End of Spider_Armature_Body
      } // End of Spider_Armature_Body_002
      Frame Spider_Armature_v2_B3_L_001 {
        FrameTransformMatrix {
          -0.038039,-0.085260, 0.021976, 0.000000,
           0.050279,-0.000000, 0.087031, 0.000000,
          -0.020918, 0.012448, 0.012085, 0.000000,
           2.991200,-2.838390, 3.197580, 1.000000;;
        }
      } // End of Spider_Armature_v2_B3_L_001
      Frame Spider_Armature_v2_B3_R_001 {
        FrameTransformMatrix {
           0.038039, 0.085260,-0.021976, 0.000000,
          -0.050279, 0.000000,-0.087031, 0.000000,
          -0.020918, 0.012448, 0.012085, 0.000000,
          -1.275871,-2.838390,-4.188550, 1.000000;;
        }
      } // End of Spider_Armature_v2_B3_R_001
      Frame Spider_Armature_v3_B3_L_001 {
        FrameTransformMatrix {
          -0.038039,-0.085260, 0.021976, 0.000000,
           0.049868,-0.000000, 0.086319, 0.000000,
          -0.020918, 0.012448, 0.012085, 0.000000,
           4.445877, 0.906090, 2.721414, 1.000000;;
        }
      } // End of Spider_Armature_v3_B3_L_001
      Frame Spider_Armature_v3_B3_R_001 {
        FrameTransformMatrix {
           0.042085, 0.080246,-0.024313, 0.000000,
          -0.049868, 0.000000,-0.086319, 0.000000,
          -0.024964, 0.017462, 0.014422, 0.000000,
          -0.136720, 0.906091,-5.210879, 1.000000;;
        }
      } // End of Spider_Armature_v3_B3_R_001
      Frame Spider_Armature_v4_B3_L_001 {
        FrameTransformMatrix {
          -0.038039,-0.085260, 0.021976, 0.000000,
           0.049868,-0.000000, 0.086319, 0.000000,
          -0.020918, 0.012448, 0.012085, 0.000000,
           4.269244, 3.662941, 0.211226, 1.000000;;
        }
      } // End of Spider_Armature_v4_B3_L_001
      Frame Spider_Armature_v4_B3_R_001 {
        FrameTransformMatrix {
           0.038039, 0.085260,-0.021976, 0.000000,
          -0.049868, 0.000000,-0.086319, 0.000000,
          -0.020918, 0.012448, 0.012085, 0.000000,
           1.949620, 3.662941,-3.803952, 1.000000;;
        }
      } // End of Spider_Armature_v4_B3_R_001
      Frame Spider_Armature_v_B3_L_001 {
        FrameTransformMatrix {
          -0.038039,-0.085260, 0.021976, 0.000000,
           0.236506, 0.000000, 0.409383, 0.000000,
          -0.020918, 0.012448, 0.012085, 0.000000,
           0.810986,-5.499290, 1.593463, 1.000000;;
        }
      } // End of Spider_Armature_v_B3_L_001
      Frame Spider_Armature_v_B3_R_001 {
        FrameTransformMatrix {
           0.038039, 0.085260,-0.021976, 0.000000,
          -0.236507, 0.000000,-0.409382, 0.000000,
          -0.020918, 0.012448, 0.012085, 0.000000,
          -0.975306,-5.499291,-1.498537, 1.000000;;
        }
      } // End of Spider_Armature_v_B3_R_001
    } // End of Spider_Armature_Body_003
  } // End of Spider_Armature
} // End of Root
AnimTicksPerSecond {
  24;
}
AnimationSet Attack {
  Animation {
    {Spider_Armature}
    AnimationKey { // Rotation
      0;
      250;
      0;4;-1.000000, 0.000000, 0.000000, 0.000000;;,
      1;4;-1.000000, 0.000000, 0.000000, 0.000000;;,
      2;4;-1.000000, 0.000000, 0.000000, 0.000000;;,
      3;4;-1.000000, 0.000000, 0.000000, 0.000000;;,
      4;4;-1.000000, 0.000000, 0.000000, 0.000000;;,
      5;4;-1.000000, 0.000000, 0.000000, 0.000000;;,
      6;4;-1.000000, 0.000000, 0.000000, 0.000000;;,
      7;4;-1.000000, 0.000000, 0.000000, 0.000000;;,
      8;4;-1.000000, 0.000000, 0.000000, 0.000000;;,
      9;4;-1.000000, 0.000000, 0.000000, 0.000000;;,
      10;4;-1.000000, 0.000000, 0.000000, 0.000000;;,
      11;4;-1.000000, 0.000000, 0.000000, 0.000000;;,
      12;4;-1.000000, 0.000000, 0.000000, 0.000000;;,
      13;4;-1.000000, 0.000000, 0.000000, 0.000000;;,
      14;4;-1.000000, 0.000000, 0.000000, 0.000000;;,
      15;4;-1.000000, 0.000000, 0.000000, 0.000000;;,
      16;4;-1.000000, 0.000000, 0.000000, 0.000000;;,
      17;4;-1.000000, 0.000000, 0.000000, 0.000000;;,
      18;4;-1.000000, 0.000000, 0.000000, 0.000000;;,
      19;4;-1.000000, 0.000000, 0.000000, 0.000000;;,
      20;4;-1.000000, 0.000000, 0.000000, 0.000000;;,
      21;4;-1.000000, 0.000000, 0.000000, 0.000000;;,
      22;4;-1.000000, 0.000000, 0.000000, 0.000000;;,
      23;4;-1.000000, 0.000000, 0.000000, 0.000000;;,
      24;4;-1.000000, 0.000000, 0.000000, 0.000000;;,
      25;4;-1.000000, 0.000000, 0.000000, 0.000000;;,
      26;4;-1.000000, 0.000000, 0.000000, 0.000000;;,
      27;4;-1.000000, 0.000000, 0.000000, 0.000000;;,
      28;4;-1.000000, 0.000000, 0.000000, 0.000000;;,
      29;4;-1.000000, 0.000000, 0.000000, 0.000000;;,
      30;4;-1.000000, 0.000000, 0.000000, 0.000000;;,
      31;4;-1.000000, 0.000000, 0.000000, 0.000000;;,
      32;4;-1.000000, 0.000000, 0.000000, 0.000000;;,
      33;4;-1.000000, 0.000000, 0.000000, 0.000000;;,
      34;4;-1.000000, 0.000000, 0.000000, 0.000000;;,
      35;4;-1.000000, 0.000000, 0.000000, 0.000000;;,
      36;4;-1.000000, 0.000000, 0.000000, 0.000000;;,
      37;4;-1.000000, 0.000000, 0.000000, 0.000000;;,
      38;4;-1.000000, 0.000000, 0.000000, 0.000000;;,
      39;4;-1.000000, 0.000000, 0.000000, 0.000000;;,
      40;4;-1.000000, 0.000000, 0.000000, 0.000000;;,
      41;4;-1.000000, 0.000000, 0.000000, 0.000000;;,
      42;4;-1.000000, 0.000000, 0.000000, 0.000000;;,
      43;4;-1.000000, 0.000000, 0.000000, 0.000000;;,
      44;4;-1.000000, 0.000000, 0.000000, 0.000000;;,
      45;4;-1.000000, 0.000000, 0.000000, 0.000000;;,
      46;4;-1.000000, 0.000000, 0.000000, 0.000000;;,
      47;4;-1.000000, 0.000000, 0.000000, 0.000000;;,
      48;4;-1.000000, 0.000000, 0.000000, 0.000000;;,
      49;4;-1.000000, 0.000000, 0.000000, 0.000000;;,
      50;4;-1.000000, 0.000000, 0.000000, 0.000000;;,
      51;4;-1.000000, 0.000000, 0.000000, 0.000000;;,
      52;4;-1.000000, 0.000000, 0.000000, 0.000000;;,
      53;4;-1.000000, 0.000000, 0.000000, 0.000000;;,
      54;4;-1.000000, 0.000000, 0.000000, 0.000000;;,
      55;4;-1.000000, 0.000000, 0.000000, 0.000000;;,
      56;4;-1.000000, 0.000000, 0.000000, 0.000000;;,
      57;4;-1.000000, 0.000000, 0.000000, 0.000000;;,
      58;4;-1.000000, 0.000000, 0.000000, 0.000000;;,
      59;4;-1.000000, 0.000000, 0.000000, 0.000000;;,
      60;4;-1.000000, 0.000000, 0.000000, 0.000000;;,
      61;4;-1.000000, 0.000000, 0.000000, 0.000000;;,
      62;4;-1.000000, 0.000000, 0.000000, 0.000000;;,
      63;4;-1.000000, 0.000000, 0.000000, 0.000000;;,
      64;4;-1.000000, 0.000000, 0.000000, 0.000000;;,
      65;4;-1.000000, 0.000000, 0.000000, 0.000000;;,
      66;4;-1.000000, 0.000000, 0.000000, 0.000000;;,
      67;4;-1.000000, 0.000000, 0.000000, 0.000000;;,
      68;4;-1.000000, 0.000000, 0.000000, 0.000000;;,
      69;4;-1.000000, 0.000000, 0.000000, 0.000000;;,
      70;4;-1.000000, 0.000000, 0.000000, 0.000000;;,
      71;4;-1.000000, 0.000000, 0.000000, 0.000000;;,
      72;4;-1.000000, 0.000000, 0.000000, 0.000000;;,
      73;4;-1.000000, 0.000000, 0.000000, 0.000000;;,
      74;4;-1.000000, 0.000000, 0.000000, 0.000000;;,
      75;4;-1.000000, 0.000000, 0.000000, 0.000000;;,
      76;4;-1.000000, 0.000000, 0.000000, 0.000000;;,
      77;4;-1.000000, 0.000000, 0.000000, 0.000000;;,
      78;4;-1.000000, 0.000000, 0.000000, 0.000000;;,
      79;4;-1.000000, 0.000000, 0.000000, 0.000000;;,
      80;4;-1.000000, 0.000000, 0.000000, 0.000000;;,
      81;4;-1.000000, 0.000000, 0.000000, 0.000000;;,
      82;4;-1.000000, 0.000000, 0.000000, 0.000000;;,
      83;4;-1.000000, 0.000000, 0.000000, 0.000000;;,
      84;4;-1.000000, 0.000000, 0.000000, 0.000000;;,
      85;4;-1.000000, 0.000000, 0.000000, 0.000000;;,
      86;4;-1.000000, 0.000000, 0.000000, 0.000000;;,
      87;4;-1.000000, 0.000000, 0.000000, 0.000000;;,
      88;4;-1.000000, 0.000000, 0.000000, 0.000000;;,
      89;4;-1.000000, 0.000000, 0.000000, 0.000000;;,
      90;4;-1.000000, 0.000000, 0.000000, 0.000000;;,
      91;4;-1.000000, 0.000000, 0.000000, 0.000000;;,
      92;4;-1.000000, 0.000000, 0.000000, 0.000000;;,
      93;4;-1.000000, 0.000000, 0.000000, 0.000000;;,
      94;4;-1.000000, 0.000000, 0.000000, 0.000000;;,
      95;4;-1.000000, 0.000000, 0.000000, 0.000000;;,
      96;4;-1.000000, 0.000000, 0.000000, 0.000000;;,
      97;4;-1.000000, 0.000000, 0.000000, 0.000000;;,
      98;4;-1.000000, 0.000000, 0.000000, 0.000000;;,
      99;4;-1.000000, 0.000000, 0.000000, 0.000000;;,
      100;4;-1.000000, 0.000000, 0.000000, 0.000000;;,
      101;4;-1.000000, 0.000000, 0.000000, 0.000000;;,
      102;4;-1.000000, 0.000000, 0.000000, 0.000000;;,
      103;4;-1.000000, 0.000000, 0.000000, 0.000000;;,
      104;4;-1.000000, 0.000000, 0.000000, 0.000000;;,
      105;4;-1.000000, 0.000000, 0.000000, 0.000000;;,
      106;4;-1.000000, 0.000000, 0.000000, 0.000000;;,
      107;4;-1.000000, 0.000000, 0.000000, 0.000000;;,
      108;4;-1.000000, 0.000000, 0.000000, 0.000000;;,
      109;4;-1.000000, 0.000000, 0.000000, 0.000000;;,
      110;4;-1.000000, 0.000000, 0.000000, 0.000000;;,
      111;4;-1.000000, 0.000000, 0.000000, 0.000000;;,
      112;4;-1.000000, 0.000000, 0.000000, 0.000000;;,
      113;4;-1.000000, 0.000000, 0.000000, 0.000000;;,
      114;4;-1.000000, 0.000000, 0.000000, 0.000000;;,
      115;4;-1.000000, 0.000000, 0.000000, 0.000000;;,
      116;4;-1.000000, 0.000000, 0.000000, 0.000000;;,
      117;4;-1.000000, 0.000000, 0.000000, 0.000000;;,
      118;4;-1.000000, 0.000000, 0.000000, 0.000000;;,
      119;4;-1.000000, 0.000000, 0.000000, 0.000000;;,
      120;4;-1.000000, 0.000000, 0.000000, 0.000000;;,
      121;4;-1.000000, 0.000000, 0.000000, 0.000000;;,
      122;4;-1.000000, 0.000000, 0.000000, 0.000000;;,
      123;4;-1.000000, 0.000000, 0.000000, 0.000000;;,
      124;4;-1.000000, 0.000000, 0.000000, 0.000000;;,
      125;4;-1.000000, 0.000000, 0.000000, 0.000000;;,
      126;4;-1.000000, 0.000000, 0.000000, 0.000000;;,
      127;4;-1.000000, 0.000000, 0.000000, 0.000000;;,
      128;4;-1.000000, 0.000000, 0.000000, 0.000000;;,
      129;4;-1.000000, 0.000000, 0.000000, 0.000000;;,
      130;4;-1.000000, 0.000000, 0.000000, 0.000000;;,
      131;4;-1.000000, 0.000000, 0.000000, 0.000000;;,
      132;4;-1.000000, 0.000000, 0.000000, 0.000000;;,
      133;4;-1.000000, 0.000000, 0.000000, 0.000000;;,
      134;4;-1.000000, 0.000000, 0.000000, 0.000000;;,
      135;4;-1.000000, 0.000000, 0.000000, 0.000000;;,
      136;4;-1.000000, 0.000000, 0.000000, 0.000000;;,
      137;4;-1.000000, 0.000000, 0.000000, 0.000000;;,
      138;4;-1.000000, 0.000000, 0.000000, 0.000000;;,
      139;4;-1.000000, 0.000000, 0.000000, 0.000000;;,
      140;4;-1.000000, 0.000000, 0.000000, 0.000000;;,
      141;4;-1.000000, 0.000000, 0.000000, 0.000000;;,
      142;4;-1.000000, 0.000000, 0.000000, 0.000000;;,
      143;4;-1.000000, 0.000000, 0.000000, 0.000000;;,
      144;4;-1.000000, 0.000000, 0.000000, 0.000000;;,
      145;4;-1.000000, 0.000000, 0.000000, 0.000000;;,
      146;4;-1.000000, 0.000000, 0.000000, 0.000000;;,
      147;4;-1.000000, 0.000000, 0.000000, 0.000000;;,
      148;4;-1.000000, 0.000000, 0.000000, 0.000000;;,
      149;4;-1.000000, 0.000000, 0.000000, 0.000000;;,
      150;4;-1.000000, 0.000000, 0.000000, 0.000000;;,
      151;4;-1.000000, 0.000000, 0.000000, 0.000000;;,
      152;4;-1.000000, 0.000000, 0.000000, 0.000000;;,
      153;4;-1.000000, 0.000000, 0.000000, 0.000000;;,
      154;4;-1.000000, 0.000000, 0.000000, 0.000000;;,
      155;4;-1.000000, 0.000000, 0.000000, 0.000000;;,
      156;4;-1.000000, 0.000000, 0.000000, 0.000000;;,
      157;4;-1.000000, 0.000000, 0.000000, 0.000000;;,
      158;4;-1.000000, 0.000000, 0.000000, 0.000000;;,
      159;4;-1.000000, 0.000000, 0.000000, 0.000000;;,
      160;4;-1.000000, 0.000000, 0.000000, 0.000000;;,
      161;4;-1.000000, 0.000000, 0.000000, 0.000000;;,
      162;4;-1.000000, 0.000000, 0.000000, 0.000000;;,
      163;4;-1.000000, 0.000000, 0.000000, 0.000000;;,
      164;4;-1.000000, 0.000000, 0.000000, 0.000000;;,
      165;4;-1.000000, 0.000000, 0.000000, 0.000000;;,
      166;4;-1.000000, 0.000000, 0.000000, 0.000000;;,
      167;4;-1.000000, 0.000000, 0.000000, 0.000000;;,
      168;4;-1.000000, 0.000000, 0.000000, 0.000000;;,
      169;4;-1.000000, 0.000000, 0.000000, 0.000000;;,
      170;4;-1.000000, 0.000000, 0.000000, 0.000000;;,
      171;4;-1.000000, 0.000000, 0.000000, 0.000000;;,
      172;4;-1.000000, 0.000000, 0.000000, 0.000000;;,
      173;4;-1.000000, 0.000000, 0.000000, 0.000000;;,
      174;4;-1.000000, 0.000000, 0.000000, 0.000000;;,
      175;4;-1.000000, 0.000000, 0.000000, 0.000000;;,
      176;4;-1.000000, 0.000000, 0.000000, 0.000000;;,
      177;4;-1.000000, 0.000000, 0.000000, 0.000000;;,
      178;4;-1.000000, 0.000000, 0.000000, 0.000000;;,
      179;4;-1.000000, 0.000000, 0.000000, 0.000000;;,
      180;4;-1.000000, 0.000000, 0.000000, 0.000000;;,
      181;4;-1.000000, 0.000000, 0.000000, 0.000000;;,
      182;4;-1.000000, 0.000000, 0.000000, 0.000000;;,
      183;4;-1.000000, 0.000000, 0.000000, 0.000000;;,
      184;4;-1.000000, 0.000000, 0.000000, 0.000000;;,
      185;4;-1.000000, 0.000000, 0.000000, 0.000000;;,
      186;4;-1.000000, 0.000000, 0.000000, 0.000000;;,
      187;4;-1.000000, 0.000000, 0.000000, 0.000000;;,
      188;4;-1.000000, 0.000000, 0.000000, 0.000000;;,
      189;4;-1.000000, 0.000000, 0.000000, 0.000000;;,
      190;4;-1.000000, 0.000000, 0.000000, 0.000000;;,
      191;4;-1.000000, 0.000000, 0.000000, 0.000000;;,
      192;4;-1.000000, 0.000000, 0.000000, 0.000000;;,
      193;4;-1.000000, 0.000000, 0.000000, 0.000000;;,
      194;4;-1.000000, 0.000000, 0.000000, 0.000000;;,
      195;4;-1.000000, 0.000000, 0.000000, 0.000000;;,
      196;4;-1.000000, 0.000000, 0.000000, 0.000000;;,
      197;4;-1.000000, 0.000000, 0.000000, 0.000000;;,
      198;4;-1.000000, 0.000000, 0.000000, 0.000000;;,
      199;4;-1.000000, 0.000000, 0.000000, 0.000000;;,
      200;4;-1.000000, 0.000000, 0.000000, 0.000000;;,
      201;4;-1.000000, 0.000000, 0.000000, 0.000000;;,
      202;4;-1.000000, 0.000000, 0.000000, 0.000000;;,
      203;4;-1.000000, 0.000000, 0.000000, 0.000000;;,
      204;4;-1.000000, 0.000000, 0.000000, 0.000000;;,
      205;4;-1.000000, 0.000000, 0.000000, 0.000000;;,
      206;4;-1.000000, 0.000000, 0.000000, 0.000000;;,
      207;4;-1.000000, 0.000000, 0.000000, 0.000000;;,
      208;4;-1.000000, 0.000000, 0.000000, 0.000000;;,
      209;4;-1.000000, 0.000000, 0.000000, 0.000000;;,
      210;4;-1.000000, 0.000000, 0.000000, 0.000000;;,
      211;4;-1.000000, 0.000000, 0.000000, 0.000000;;,
      212;4;-1.000000, 0.000000, 0.000000, 0.000000;;,
      213;4;-1.000000, 0.000000, 0.000000, 0.000000;;,
      214;4;-1.000000, 0.000000, 0.000000, 0.000000;;,
      215;4;-1.000000, 0.000000, 0.000000, 0.000000;;,
      216;4;-1.000000, 0.000000, 0.000000, 0.000000;;,
      217;4;-1.000000, 0.000000, 0.000000, 0.000000;;,
      218;4;-1.000000, 0.000000, 0.000000, 0.000000;;,
      219;4;-1.000000, 0.000000, 0.000000, 0.000000;;,
      220;4;-1.000000, 0.000000, 0.000000, 0.000000;;,
      221;4;-1.000000, 0.000000, 0.000000, 0.000000;;,
      222;4;-1.000000, 0.000000, 0.000000, 0.000000;;,
      223;4;-1.000000, 0.000000, 0.000000, 0.000000;;,
      224;4;-1.000000, 0.000000, 0.000000, 0.000000;;,
      225;4;-1.000000, 0.000000, 0.000000, 0.000000;;,
      226;4;-1.000000, 0.000000, 0.000000, 0.000000;;,
      227;4;-1.000000, 0.000000, 0.000000, 0.000000;;,
      228;4;-1.000000, 0.000000, 0.000000, 0.000000;;,
      229;4;-1.000000, 0.000000, 0.000000, 0.000000;;,
      230;4;-1.000000, 0.000000, 0.000000, 0.000000;;,
      231;4;-1.000000, 0.000000, 0.000000, 0.000000;;,
      232;4;-1.000000, 0.000000, 0.000000, 0.000000;;,
      233;4;-1.000000, 0.000000, 0.000000, 0.000000;;,
      234;4;-1.000000, 0.000000, 0.000000, 0.000000;;,
      235;4;-1.000000, 0.000000, 0.000000, 0.000000;;,
      236;4;-1.000000, 0.000000, 0.000000, 0.000000;;,
      237;4;-1.000000, 0.000000, 0.000000, 0.000000;;,
      238;4;-1.000000, 0.000000, 0.000000, 0.000000;;,
      239;4;-1.000000, 0.000000, 0.000000, 0.000000;;,
      240;4;-1.000000, 0.000000, 0.000000, 0.000000;;,
      241;4;-1.000000, 0.000000, 0.000000, 0.000000;;,
      242;4;-1.000000, 0.000000, 0.000000, 0.000000;;,
      243;4;-1.000000, 0.000000, 0.000000, 0.000000;;,
      244;4;-1.000000, 0.000000, 0.000000, 0.000000;;,
      245;4;-1.000000, 0.000000, 0.000000, 0.000000;;,
      246;4;-1.000000, 0.000000, 0.000000, 0.000000;;,
      247;4;-1.000000, 0.000000, 0.000000, 0.000000;;,
      248;4;-1.000000, 0.000000, 0.000000, 0.000000;;,
      249;4;-1.000000, 0.000000, 0.000000, 0.000000;;;
    }
    AnimationKey { // Scale
      1;
      250;
      0;3;20.000000,20.000000,20.000000;;,
      1;3;20.000000,20.000000,20.000000;;,
      2;3;20.000000,20.000000,20.000000;;,
      3;3;20.000000,20.000000,20.000000;;,
      4;3;20.000000,20.000000,20.000000;;,
      5;3;20.000000,20.000000,20.000000;;,
      6;3;20.000000,20.000000,20.000000;;,
      7;3;20.000000,20.000000,20.000000;;,
      8;3;20.000000,20.000000,20.000000;;,
      9;3;20.000000,20.000000,20.000000;;,
      10;3;20.000000,20.000000,20.000000;;,
      11;3;20.000000,20.000000,20.000000;;,
      12;3;20.000000,20.000000,20.000000;;,
      13;3;20.000000,20.000000,20.000000;;,
      14;3;20.000000,20.000000,20.000000;;,
      15;3;20.000000,20.000000,20.000000;;,
      16;3;20.000000,20.000000,20.000000;;,
      17;3;20.000000,20.000000,20.000000;;,
      18;3;20.000000,20.000000,20.000000;;,
      19;3;20.000000,20.000000,20.000000;;,
      20;3;20.000000,20.000000,20.000000;;,
      21;3;20.000000,20.000000,20.000000;;,
      22;3;20.000000,20.000000,20.000000;;,
      23;3;20.000000,20.000000,20.000000;;,
      24;3;20.000000,20.000000,20.000000;;,
      25;3;20.000000,20.000000,20.000000;;,
      26;3;20.000000,20.000000,20.000000;;,
      27;3;20.000000,20.000000,20.000000;;,
      28;3;20.000000,20.000000,20.000000;;,
      29;3;20.000000,20.000000,20.000000;;,
      30;3;20.000000,20.000000,20.000000;;,
      31;3;20.000000,20.000000,20.000000;;,
      32;3;20.000000,20.000000,20.000000;;,
      33;3;20.000000,20.000000,20.000000;;,
      34;3;20.000000,20.000000,20.000000;;,
      35;3;20.000000,20.000000,20.000000;;,
      36;3;20.000000,20.000000,20.000000;;,
      37;3;20.000000,20.000000,20.000000;;,
      38;3;20.000000,20.000000,20.000000;;,
      39;3;20.000000,20.000000,20.000000;;,
      40;3;20.000000,20.000000,20.000000;;,
      41;3;20.000000,20.000000,20.000000;;,
      42;3;20.000000,20.000000,20.000000;;,
      43;3;20.000000,20.000000,20.000000;;,
      44;3;20.000000,20.000000,20.000000;;,
      45;3;20.000000,20.000000,20.000000;;,
      46;3;20.000000,20.000000,20.000000;;,
      47;3;20.000000,20.000000,20.000000;;,
      48;3;20.000000,20.000000,20.000000;;,
      49;3;20.000000,20.000000,20.000000;;,
      50;3;20.000000,20.000000,20.000000;;,
      51;3;20.000000,20.000000,20.000000;;,
      52;3;20.000000,20.000000,20.000000;;,
      53;3;20.000000,20.000000,20.000000;;,
      54;3;20.000000,20.000000,20.000000;;,
      55;3;20.000000,20.000000,20.000000;;,
      56;3;20.000000,20.000000,20.000000;;,
      57;3;20.000000,20.000000,20.000000;;,
      58;3;20.000000,20.000000,20.000000;;,
      59;3;20.000000,20.000000,20.000000;;,
      60;3;20.000000,20.000000,20.000000;;,
      61;3;20.000000,20.000000,20.000000;;,
      62;3;20.000000,20.000000,20.000000;;,
      63;3;20.000000,20.000000,20.000000;;,
      64;3;20.000000,20.000000,20.000000;;,
      65;3;20.000000,20.000000,20.000000;;,
      66;3;20.000000,20.000000,20.000000;;,
      67;3;20.000000,20.000000,20.000000;;,
      68;3;20.000000,20.000000,20.000000;;,
      69;3;20.000000,20.000000,20.000000;;,
      70;3;20.000000,20.000000,20.000000;;,
      71;3;20.000000,20.000000,20.000000;;,
      72;3;20.000000,20.000000,20.000000;;,
      73;3;20.000000,20.000000,20.000000;;,
      74;3;20.000000,20.000000,20.000000;;,
      75;3;20.000000,20.000000,20.000000;;,
      76;3;20.000000,20.000000,20.000000;;,
      77;3;20.000000,20.000000,20.000000;;,
      78;3;20.000000,20.000000,20.000000;;,
      79;3;20.000000,20.000000,20.000000;;,
      80;3;20.000000,20.000000,20.000000;;,
      81;3;20.000000,20.000000,20.000000;;,
      82;3;20.000000,20.000000,20.000000;;,
      83;3;20.000000,20.000000,20.000000;;,
      84;3;20.000000,20.000000,20.000000;;,
      85;3;20.000000,20.000000,20.000000;;,
      86;3;20.000000,20.000000,20.000000;;,
      87;3;20.000000,20.000000,20.000000;;,
      88;3;20.000000,20.000000,20.000000;;,
      89;3;20.000000,20.000000,20.000000;;,
      90;3;20.000000,20.000000,20.000000;;,
      91;3;20.000000,20.000000,20.000000;;,
      92;3;20.000000,20.000000,20.000000;;,
      93;3;20.000000,20.000000,20.000000;;,
      94;3;20.000000,20.000000,20.000000;;,
      95;3;20.000000,20.000000,20.000000;;,
      96;3;20.000000,20.000000,20.000000;;,
      97;3;20.000000,20.000000,20.000000;;,
      98;3;20.000000,20.000000,20.000000;;,
      99;3;20.000000,20.000000,20.000000;;,
      100;3;20.000000,20.000000,20.000000;;,
      101;3;20.000000,20.000000,20.000000;;,
      102;3;20.000000,20.000000,20.000000;;,
      103;3;20.000000,20.000000,20.000000;;,
      104;3;20.000000,20.000000,20.000000;;,
      105;3;20.000000,20.000000,20.000000;;,
      106;3;20.000000,20.000000,20.000000;;,
      107;3;20.000000,20.000000,20.000000;;,
      108;3;20.000000,20.000000,20.000000;;,
      109;3;20.000000,20.000000,20.000000;;,
      110;3;20.000000,20.000000,20.000000;;,
      111;3;20.000000,20.000000,20.000000;;,
      112;3;20.000000,20.000000,20.000000;;,
      113;3;20.000000,20.000000,20.000000;;,
      114;3;20.000000,20.000000,20.000000;;,
      115;3;20.000000,20.000000,20.000000;;,
      116;3;20.000000,20.000000,20.000000;;,
      117;3;20.000000,20.000000,20.000000;;,
      118;3;20.000000,20.000000,20.000000;;,
      119;3;20.000000,20.000000,20.000000;;,
      120;3;20.000000,20.000000,20.000000;;,
      121;3;20.000000,20.000000,20.000000;;,
      122;3;20.000000,20.000000,20.000000;;,
      123;3;20.000000,20.000000,20.000000;;,
      124;3;20.000000,20.000000,20.000000;;,
      125;3;20.000000,20.000000,20.000000;;,
      126;3;20.000000,20.000000,20.000000;;,
      127;3;20.000000,20.000000,20.000000;;,
      128;3;20.000000,20.000000,20.000000;;,
      129;3;20.000000,20.000000,20.000000;;,
      130;3;20.000000,20.000000,20.000000;;,
      131;3;20.000000,20.000000,20.000000;;,
      132;3;20.000000,20.000000,20.000000;;,
      133;3;20.000000,20.000000,20.000000;;,
      134;3;20.000000,20.000000,20.000000;;,
      135;3;20.000000,20.000000,20.000000;;,
      136;3;20.000000,20.000000,20.000000;;,
      137;3;20.000000,20.000000,20.000000;;,
      138;3;20.000000,20.000000,20.000000;;,
      139;3;20.000000,20.000000,20.000000;;,
      140;3;20.000000,20.000000,20.000000;;,
      141;3;20.000000,20.000000,20.000000;;,
      142;3;20.000000,20.000000,20.000000;;,
      143;3;20.000000,20.000000,20.000000;;,
      144;3;20.000000,20.000000,20.000000;;,
      145;3;20.000000,20.000000,20.000000;;,
      146;3;20.000000,20.000000,20.000000;;,
      147;3;20.000000,20.000000,20.000000;;,
      148;3;20.000000,20.000000,20.000000;;,
      149;3;20.000000,20.000000,20.000000;;,
      150;3;20.000000,20.000000,20.000000;;,
      151;3;20.000000,20.000000,20.000000;;,
      152;3;20.000000,20.000000,20.000000;;,
      153;3;20.000000,20.000000,20.000000;;,
      154;3;20.000000,20.000000,20.000000;;,
      155;3;20.000000,20.000000,20.000000;;,
      156;3;20.000000,20.000000,20.000000;;,
      157;3;20.000000,20.000000,20.000000;;,
      158;3;20.000000,20.000000,20.000000;;,
      159;3;20.000000,20.000000,20.000000;;,
      160;3;20.000000,20.000000,20.000000;;,
      161;3;20.000000,20.000000,20.000000;;,
      162;3;20.000000,20.000000,20.000000;;,
      163;3;20.000000,20.000000,20.000000;;,
      164;3;20.000000,20.000000,20.000000;;,
      165;3;20.000000,20.000000,20.000000;;,
      166;3;20.000000,20.000000,20.000000;;,
      167;3;20.000000,20.000000,20.000000;;,
      168;3;20.000000,20.000000,20.000000;;,
      169;3;20.000000,20.000000,20.000000;;,
      170;3;20.000000,20.000000,20.000000;;,
      171;3;20.000000,20.000000,20.000000;;,
      172;3;20.000000,20.000000,20.000000;;,
      173;3;20.000000,20.000000,20.000000;;,
      174;3;20.000000,20.000000,20.000000;;,
      175;3;20.000000,20.000000,20.000000;;,
      176;3;20.000000,20.000000,20.000000;;,
      177;3;20.000000,20.000000,20.000000;;,
      178;3;20.000000,20.000000,20.000000;;,
      179;3;20.000000,20.000000,20.000000;;,
      180;3;20.000000,20.000000,20.000000;;,
      181;3;20.000000,20.000000,20.000000;;,
      182;3;20.000000,20.000000,20.000000;;,
      183;3;20.000000,20.000000,20.000000;;,
      184;3;20.000000,20.000000,20.000000;;,
      185;3;20.000000,20.000000,20.000000;;,
      186;3;20.000000,20.000000,20.000000;;,
      187;3;20.000000,20.000000,20.000000;;,
      188;3;20.000000,20.000000,20.000000;;,
      189;3;20.000000,20.000000,20.000000;;,
      190;3;20.000000,20.000000,20.000000;;,
      191;3;20.000000,20.000000,20.000000;;,
      192;3;20.000000,20.000000,20.000000;;,
      193;3;20.000000,20.000000,20.000000;;,
      194;3;20.000000,20.000000,20.000000;;,
      195;3;20.000000,20.000000,20.000000;;,
      196;3;20.000000,20.000000,20.000000;;,
      197;3;20.000000,20.000000,20.000000;;,
      198;3;20.000000,20.000000,20.000000;;,
      199;3;20.000000,20.000000,20.000000;;,
      200;3;20.000000,20.000000,20.000000;;,
      201;3;20.000000,20.000000,20.000000;;,
      202;3;20.000000,20.000000,20.000000;;,
      203;3;20.000000,20.000000,20.000000;;,
      204;3;20.000000,20.000000,20.000000;;,
      205;3;20.000000,20.000000,20.000000;;,
      206;3;20.000000,20.000000,20.000000;;,
      207;3;20.000000,20.000000,20.000000;;,
      208;3;20.000000,20.000000,20.000000;;,
      209;3;20.000000,20.000000,20.000000;;,
      210;3;20.000000,20.000000,20.000000;;,
      211;3;20.000000,20.000000,20.000000;;,
      212;3;20.000000,20.000000,20.000000;;,
      213;3;20.000000,20.000000,20.000000;;,
      214;3;20.000000,20.000000,20.000000;;,
      215;3;20.000000,20.000000,20.000000;;,
      216;3;20.000000,20.000000,20.000000;;,
      217;3;20.000000,20.000000,20.000000;;,
