xof 0303txt 0032
// Faces are counter clockwise
// Right hand coordinate system
// Number of meshes 1
// Number of armatures 1


Mesh Cube {
  8;
  -0.12461165338754654; -0.12461165338754654; 0.0;,
  -0.12461165338754654; -0.12461165338754654; 1.0;,
  -0.12461165338754654; 0.12461165338754654; 0.0;,
  -0.12461165338754654; 0.12461165338754654; 1.0;,
  0.12461165338754654; -0.12461165338754654; 0.0;,
  0.12461165338754654; -0.12461165338754654; 1.0;,
  0.12461165338754654; 0.12461165338754654; 0.0;,
  0.12461165338754654; 0.12461165338754654; 1.0;;
  12;
  3; 1, 2, 0;,
  3; 3, 6, 2;,
  3; 7, 4, 6;,
  3; 5, 0, 4;,
  3; 6, 0, 2;,
  3; 3, 5, 7;,
  3; 1, 3, 2;,
  3; 3, 7, 6;,
  3; 7, 5, 4;,
  3; 5, 1, 0;,
  3; 6, 4, 0;,
  3; 3, 1, 5;;
  MeshNormals {
    12;
    -1.0; 0.0; 0.0;,
    0.0; 1.0; -0.0;,
    1.0; 0.0; -0.0;,
    0.0; -1.0; 0.0;,
    0.0; 0.0; -1.0;,
    0.0; 0.0; 1.0;,
    -1.0; 0.0; 0.0;,
    0.0; 1.0; -0.0;,
    1.0; 0.0; 0.0;,
    0.0; -1.0; 0.0;,
    0.0; 0.0; -1.0;,
    0.0; -0.0; 1.0;;
    12;
    3; 0, 0, 0;,
    3; 1, 1, 1;,
    3; 2, 2, 2;,
    3; 3, 3, 3;,
    3; 4, 4, 4;,
    3; 5, 5, 5;,
    3; 6, 6, 6;,
    3; 7, 7, 7;,
    3; 8, 8, 8;,
    3; 9, 9, 9;,
    3; 10, 10, 10;,
    3; 11, 11, 11;;
  }
  Matrix4x4 {
    1.0, 0.0, 0.0, 0.0,
    0.0, 1.0, 0.0, 0.0,
    0.0, 0.0, 1.0, 0.0,
    0.0, 0.0, 0.0, 1.0;
  } // End of Matrix4x4
} // End of Mesh Cube

Frame Armature {
  FrameTransformMatrix {
    1.0, 0.0, 0.0, 0.0,
    0.0, 1.0, 0.0, 0.0,
    0.0, 0.0, 1.0, 0.0,
    0.0, 0.0, 0.0, 1.0;;
  } // End of FrameTransformMatrix
  Frame Bone {
    Vector {
      0; 1.0; 0;
    }
    FrameTransformMatrix {
      1.0, 0.0, 0.0, 0.0,
      0.0, 0.0, 1.0, 0.0,
      0.0, -1.0, 0.0, 0.0,
      0.0, 0.0, 0.0, 1.0;;
    } // End of FrameTransformMatrix
    Frame Bone.001 {
      Vector {
        0; 0.7331994608389701; 0;
      }
      FrameTransformMatrix {
        0.1948477327823639, -0.9808334112167358, 1.4901161193847656e-08, 0.0,
        0.9565754532814026, 0.19002863764762878, -0.2210254967212677, 0.0,
        0.21678923070430756, 0.04306630790233612, 0.9752680063247681, 0.0,
        0.0, 0.0, 1.0, 1.0;;
      } // End of FrameTransformMatrix
      Frame Bone.007 {
        Vector {
          0; 2.1164181356564518; 0;
        }
        FrameTransformMatrix {
          0.7743360996246338, 0.6327741742134094, 1.4901161193847656e-08, 0.0,
          -0.1681796759366989, 0.2058042287826538, 0.9640332460403442, 0.0,
          0.6100155115127563, -0.7464858889579773, 0.2657814919948578, 0.0,
          0.7013606429100037, 0.13932889699935913, 0.8379442095756531, 1.0;;
        } // End of FrameTransformMatrix
      } // End of Frame Bone.007 
      Frame Bone.002 {
        Vector {
          0; 0.8364300223898269; 0;
        }
        FrameTransformMatrix {
          0.9156450629234314, -0.4019876718521118, 1.1920928955078125e-07, 0.0,
          0.40108829736709595, 0.9135966300964355, 0.06685054302215576, 0.0,
          -0.026873141527175903, -0.06121130287647247, 0.9977630376815796, 0.0,
          0.7013606429100037, 0.13932889699935913, 0.8379442095756531, 1.0;;
        } // End of FrameTransformMatrix
        Frame Bone.006 {
          Vector {
            0; 0.7807329028205383; 0;
          }
          FrameTransformMatrix {
            0.10714671015739441, -0.9942430853843689, 1.1175870895385742e-08, 0.0,
            0.4715983271598816, 0.05082263424992561, -0.880347728729248, 0.0,
            0.8752797842025757, 0.09432615339756012, 0.474328875541687, 0.0,
            1.036842942237854, 0.9034885764122009, 0.8938599824905396, 1.0;;
          } // End of FrameTransformMatrix
        } // End of Frame Bone.006 
        Frame Bone.005 {
          Vector {
            0; 0.6397076572057242; 0;
          }
          FrameTransformMatrix {
            0.772875964641571, -0.6345570087432861, -2.421438694000244e-08, 0.0,
            0.4809539318084717, 0.5857908725738525, 0.6523284316062927, 0.0,
            -0.4139394164085388, -0.5041688680648804, 0.7579365372657776, 0.0,
            1.036842942237854, 0.9034885764122009, 0.8938599824905396, 1.0;;
          } // End of FrameTransformMatrix
        } // End of Frame Bone.005 
        Frame Bone.003 {
          Vector {
            0; 0.6243251726229304; 0;
          }
          FrameTransformMatrix {
            0.23839585483074188, 0.9711679220199585, -8.195638656616211e-08, 0.0,
            -0.8683491349220276, 0.21315687894821167, 0.4478102922439575, 0.0,
            0.43489906191825867, -0.10675612092018127, 0.894128680229187, 0.0,
            1.036842942237854, 0.9034885764122009, 0.8938599824905396, 1.0;;
          } // End of FrameTransformMatrix
          Frame Bone.004 {
            Vector {
              0; 0.4555885783827648; 0;
            }
            FrameTransformMatrix {
              0.9132378101348877, 0.4074265956878662, 5.960464477539063e-08, 0.0,
              -0.11077991127967834, 0.24831059575080872, 0.9623252153396606, 0.0,
              0.39207708835601807, -0.8788317441940308, 0.27190130949020386, 0.0,
              0.4947107434272766, 1.0365678071975708, 1.1734392642974854, 1.0;;
            } // End of FrameTransformMatrix
          } // End of Frame Bone.004 
        } // End of Frame Bone.003 
      } // End of Frame Bone.002 
    } // End of Frame Bone.001 
  } // End of Frame Bone 
} // End of Armature

