xof 0303txt 0032

Frame Root {
  FrameTransformMatrix {
     1.000000, 0.000000, 0.000000, 0.000000,
     0.000000,-0.000000, 1.000000, 0.000000,
     0.000000, 1.000000, 0.000000, 0.000000,
     0.000000, 0.000000, 0.000000, 1.000000;;
  }
  Frame Spider_Armature {
    FrameTransformMatrix {
      20.000000, 0.000000, 0.000000, 0.000000,
       0.000000,20.000000, 0.000000, 0.000000,
       0.000000, 0.000000,20.000000, 0.000000,
       0.000000, 0.242230,41.005440, 1.000000;;
    }
    Frame Spider_Armature_Body_003 {
      FrameTransformMatrix {
        -0.500236,-0.321583,-0.803958, 0.000000,
        -0.000000,-0.928477, 0.371391, 0.000000,
        -0.865889, 0.185783, 0.464458, 0.000000,
        -0.000000,-0.050572,-0.000000, 1.000000;;
      }
      Frame Spider_Armature_Body_002 {
        FrameTransformMatrix {
           0.581499,-0.348502,-0.735124, 0.000000,
          -0.321585,-0.928477, 0.185784, 0.000000,
          -0.747292, 0.128372,-0.651979, 0.000000,
          -0.853804, 0.227464, 0.493255, 1.000000;;
        }
        Frame Spider_Armature_Body {
          FrameTransformMatrix {
            -0.345650,-0.000002,-0.938363, 0.000000,
             0.000000,-1.000000, 0.000002, 0.000000,
            -0.938363, 0.000001, 0.345650, 0.000000,
             0.938361, 0.795572,-0.345647, 1.000000;;
          }
          Frame Spider_Armature_Body2 {
            FrameTransformMatrix {
               1.000000,-0.000001,-0.000001, 0.000000,
               0.000001, 1.000000,-0.000001, 0.000000,
               0.000001, 0.000001, 1.000000, 0.000000,
               0.000001, 1.800001,-0.100004, 1.000000;;
            }
          } // End of Spider_Armature_Body2
          Frame Spider_Armature_FU_1_L {
            FrameTransformMatrix {
               0.302410,-0.407289, 0.861779, 0.000000,
               0.407287,-0.762204,-0.503152, 0.000000,
               0.861780, 0.503150,-0.064615, 0.000000,
               0.538699,-0.183409,-0.161900, 1.000000;;
            }
            Frame Spider_Armature_FU_2_L {
              FrameTransformMatrix {
                 0.432825, 0.647804, 0.626908, 0.000000,
                -0.316428, 0.760348,-0.567225, 0.000000,
                -0.844118, 0.047138, 0.534081, 0.000000,
                 0.000000, 0.616358,-0.000000, 1.000000;;
              }
              Frame Spider_Armature_FU_3_L {
                FrameTransformMatrix {
                   0.533421, 0.157864, 0.830988, 0.000000,
                  -0.321529, 0.946527, 0.026581, 0.000000,
                  -0.782356,-0.281365, 0.555655, 0.000000,
                  -0.000000, 0.644929, 0.000000, 1.000000;;
                }
              } // End of Spider_Armature_FU_3_L
            } // End of Spider_Armature_FU_2_L
          } // End of Spider_Armature_FU_1_L
          Frame Spider_Armature_FU_1_R {
            FrameTransformMatrix {
               0.302412,-0.632392, 0.713181, 0.000000,
              -0.407294,-0.762200,-0.503152, 0.000000,
               0.861777,-0.138315,-0.488068, 0.000000,
              -0.538703,-0.183408,-0.161900, 1.000000;;
            }
            Frame Spider_Armature_FU_2_R {
              FrameTransformMatrix {
                 0.498170,-0.598745, 0.627161, 0.000000,
                 0.107411, 0.760346, 0.640575, 0.000000,
                -0.860401,-0.251751, 0.443094, 0.000000,
                 0.000000, 0.616358, 0.000000, 1.000000;;
              }
              Frame Spider_Armature_FU_3_R {
                FrameTransformMatrix {
                   0.598828,-0.306196, 0.740033, 0.000000,
                   0.274515, 0.946526, 0.169499, 0.000000,
                  -0.752360, 0.101650, 0.650862, 0.000000,
                   0.000000, 0.644929,-0.000000, 1.000000;;
                }
              } // End of Spider_Armature_FU_3_R
            } // End of Spider_Armature_FU_2_R
          } // End of Spider_Armature_FU_1_R
          Frame Spider_Armature_Zahn_L {
            FrameTransformMatrix {
              -0.957383, 0.253918,-0.137632, 0.000000,
              -0.057287,-0.634013,-0.771198, 0.000000,
              -0.283082,-0.730447, 0.621540, 0.000000,
               0.233564,-0.505673,-0.202596, 1.000000;;
            }
          } // End of Spider_Armature_Zahn_L
          Frame Spider_Armature_Zahn_R {
            FrameTransformMatrix {
              -0.957383, 0.184146,-0.222504, 0.000000,
               0.057284,-0.634013,-0.771198, 0.000000,
              -0.283083,-0.751077, 0.596444, 0.000000,
              -0.233568,-0.505672,-0.202596, 1.000000;;
            }
          } // End of Spider_Armature_Zahn_R
          Frame Spider_Armature_v2_B1_L {
            FrameTransformMatrix {
              -0.430305,-0.582113, 0.689915, 0.000000,
               0.902024,-0.248077, 0.353285, 0.000000,
              -0.034500, 0.774340, 0.631828, 0.000000,
               0.589574, 0.832684,-0.355596, 1.000000;;
            }
            Frame Spider_Armature_v2_B2_L {
              FrameTransformMatrix {
                 0.327317,-0.548163,-0.769662, 0.000000,
                -0.243826, 0.737949,-0.629270, 0.000000,
                 0.912914, 0.393635, 0.107887, 0.000000,
                 0.000000, 1.468890, 0.000000, 1.000000;;
              }
              Frame Spider_Armature_v2_B3_L {
                FrameTransformMatrix {
                   0.832331,-0.526390,-0.173606, 0.000000,
                   0.385281, 0.774615,-0.501529, 0.000000,
                   0.398478, 0.350551, 0.847543, 0.000000,
                  -0.000000, 2.048183, 0.000000, 1.000000;;
                }
              } // End of Spider_Armature_v2_B3_L
            } // End of Spider_Armature_v2_B2_L
          } // End of Spider_Armature_v2_B1_L
          Frame Spider_Armature_v2_B1_R {
            FrameTransformMatrix {
              -0.430304, 0.451300,-0.781772, 0.000000,
              -0.902025,-0.248072, 0.353287, 0.000000,
              -0.034497, 0.857198, 0.513830, 0.000000,
              -0.589574, 0.832686,-0.355595, 1.000000;;
            }
            Frame Spider_Armature_v2_B2_R {
              FrameTransformMatrix {
                 0.323248, 0.489694, 0.809759, 0.000000,
                 0.340974, 0.737949,-0.582381, 0.000000,
                -0.882750, 0.464361, 0.071568, 0.000000,
                -0.000000, 1.468890,-0.000000, 1.000000;;
              }
              Frame Spider_Armature_v2_B3_R {
                FrameTransformMatrix {
                   0.801083, 0.526390, 0.284919, 0.000000,
                  -0.313679, 0.774615,-0.549161, 0.000000,
                  -0.509775, 0.350551, 0.785648, 0.000000,
                  -0.000000, 2.048179,-0.000000, 1.000000;;
                }
              } // End of Spider_Armature_v2_B3_R
            } // End of Spider_Armature_v2_B2_R
          } // End of Spider_Armature_v2_B1_R
          Frame Spider_Armature_v3_B1_L {
            FrameTransformMatrix {
               0.340281,-0.526577,-0.779054, 0.000000,
               0.940058, 0.170794, 0.295162, 0.000000,
              -0.022367,-0.832794, 0.553131, 0.000000,
               0.589575, 1.152219,-0.355596, 1.000000;;
            }
            Frame Spider_Armature_v3_B2_L {
              FrameTransformMatrix {
                -0.089427, 0.491742, 0.866136, 0.000000,
                 0.385224, 0.819019,-0.425218, 0.000000,
                -0.918480, 0.295630,-0.262673, 0.000000,
                -0.000000, 1.355402, 0.000000, 1.000000;;
              }
              Frame Spider_Armature_v3_B3_L {
                FrameTransformMatrix {
                   0.823152, 0.560187, 0.092799, 0.000000,
                  -0.535373, 0.820133,-0.201888, 0.000000,
                  -0.189203, 0.116503, 0.975002, 0.000000,
                  -0.000000, 1.820551, 0.000000, 1.000000;;
                }
              } // End of Spider_Armature_v3_B3_L
            } // End of Spider_Armature_v3_B2_L
          } // End of Spider_Armature_v3_B1_L
          Frame Spider_Armature_v3_B1_R {
            FrameTransformMatrix {
               0.340285, 0.413034, 0.844754, 0.000000,
              -0.940056, 0.170799, 0.295164, 0.000000,
              -0.022370,-0.894556, 0.446396, 0.000000,
              -0.589573, 1.152221,-0.355596, 1.000000;;
            }
            Frame Spider_Armature_v3_B2_R {
              FrameTransformMatrix {
                -0.078487,-0.445960,-0.891605, 0.000000,
                -0.437569, 0.819019,-0.371135, 0.000000,
                 0.895753, 0.361009,-0.259420, 0.000000,
                 0.000000, 1.355402,-0.000000, 1.000000;;
              }
              Frame Spider_Armature_v3_B3_R {
                FrameTransformMatrix {
                   0.802309,-0.560188,-0.206130, 0.000000,
                   0.502177, 0.820132,-0.274229, 0.000000,
                   0.322673, 0.116503, 0.939313, 0.000000,
                  -0.000000, 1.820551, 0.000000, 1.000000;;
                }
              } // End of Spider_Armature_v3_B3_R
            } // End of Spider_Armature_v3_B2_R
          } // End of Spider_Armature_v3_B1_R
          Frame Spider_Armature_v4_B1_L {
            FrameTransformMatrix {
               0.730229,-0.657988,-0.183893, 0.000000,
               0.683202, 0.703280, 0.196549, 0.000000,
               0.000002,-0.269162, 0.963095, 0.000000,
               0.564328, 1.483043,-0.335540, 1.000000;;
            }
            Frame Spider_Armature_v4_B2_L {
              FrameTransformMatrix {
                 0.850756, 0.496941, 0.171065, 0.000000,
                -0.314152, 0.741786,-0.592505, 0.000000,
                -0.421334, 0.450337, 0.787194, 0.000000,
                -0.000000, 1.625591, 0.000000, 1.000000;;
              }
              Frame Spider_Armature_v4_B3_L {
                FrameTransformMatrix {
                   0.967603, 0.252233, 0.011084, 0.000000,
                  -0.227950, 0.891641,-0.391171, 0.000000,
                  -0.108549, 0.375972, 0.920251, 0.000000,
                  -0.000000, 2.153014, 0.000000, 1.000000;;
                }
              } // End of Spider_Armature_v4_B3_L
            } // End of Spider_Armature_v4_B2_L
          } // End of Spider_Armature_v4_B1_L
          Frame Spider_Armature_v4_B1_R {
            FrameTransformMatrix {
               0.730232, 0.657985, 0.183893, 0.000000,
              -0.683199, 0.703283, 0.196550, 0.000000,
              -0.000001,-0.269162, 0.963095, 0.000000,
              -0.564325, 1.483045,-0.335539, 1.000000;;
            }
            Frame Spider_Armature_v4_B2_R {
              FrameTransformMatrix {
                 0.850757,-0.496941,-0.171065, 0.000000,
                 0.314152, 0.741786,-0.592505, 0.000000,
                 0.421333, 0.450337, 0.787194, 0.000000,
                -0.000000, 1.625591,-0.000000, 1.000000;;
              }
              Frame Spider_Armature_v4_B3_R {
                FrameTransformMatrix {
                   0.967603,-0.252233,-0.011084, 0.000000,
                   0.227950, 0.891641,-0.391172, 0.000000,
                   0.108549, 0.375972, 0.920251, 0.000000,
                   0.000000, 2.153013, 0.000000, 1.000000;;
                }
              } // End of Spider_Armature_v4_B3_R
            } // End of Spider_Armature_v4_B2_R
          } // End of Spider_Armature_v4_B1_R
          Frame Spider_Armature_v_B1_L {
            FrameTransformMatrix {
              -0.798256,-0.559370, 0.223366, 0.000000,
               0.602288,-0.744984, 0.286790, 0.000000,
               0.005982, 0.363462, 0.931590, 0.000000,
               0.580955, 0.496197,-0.296620, 1.000000;;
            }
            Frame Spider_Armature_v_B2_L {
              FrameTransformMatrix {
                 0.924092,-0.339157,-0.176143, 0.000000,
                 0.196488, 0.816957,-0.542194, 0.000000,
                 0.327790, 0.466427, 0.821583, 0.000000,
                 0.000000, 1.593527,-0.000000, 1.000000;;
              }
              Frame Spider_Armature_v_B3_L {
                FrameTransformMatrix {
                   0.892335,-0.448769, 0.048421, 0.000000,
                   0.412083, 0.766184,-0.493103, 0.000000,
                   0.184190, 0.459966, 0.868623, 0.000000,
                   0.000000, 1.842399, 0.000000, 1.000000;;
                }
              } // End of Spider_Armature_v_B3_L
            } // End of Spider_Armature_v_B2_L
          } // End of Spider_Armature_v_B1_L
          Frame Spider_Armature_v_B1_R {
            FrameTransformMatrix {
              -0.798254, 0.564758,-0.209377, 0.000000,
              -0.602291,-0.744981, 0.286791, 0.000000,
               0.005985, 0.355038, 0.934833, 0.000000,
              -0.580955, 0.496199,-0.296619, 1.000000;;
            }
            Frame Spider_Armature_v_B2_R {
              FrameTransformMatrix {
                 0.909245, 0.362615, 0.204411, 0.000000,
                -0.204593, 0.816957,-0.539188, 0.000000,
                -0.362513, 0.448433, 0.817002, 0.000000,
                -0.000000, 1.593527, 0.000000, 1.000000;;
              }
              Frame Spider_Armature_v_B3_R {
                FrameTransformMatrix {
                   0.888681, 0.448769,-0.094087, 0.000000,
                  -0.436812, 0.766185,-0.471334, 0.000000,
                  -0.139432, 0.459964, 0.876922, 0.000000,
                  -0.000000, 1.842396,-0.000000, 1.000000;;
                }
              } // End of Spider_Armature_v_B3_R
            } // End of Spider_Armature_v_B2_R
          } // End of Spider_Armature_v_B1_R
        } // End of Spider_Armature_Body
      } // End of Spider_Armature_Body_002
      Frame Spider_Armature_v2_B3_L_001 {
        FrameTransformMatrix {
          -0.296306,-0.939628, 0.171179, 0.000000,
           0.500235,-0.000001, 0.865890, 0.000000,
          -0.813614, 0.342198, 0.470035, 0.000000,
           2.991200,-2.838390, 3.197580, 1.000000;;
        }
      } // End of Spider_Armature_v2_B3_L_001
      Frame Spider_Armature_v2_B3_R_001 {
        FrameTransformMatrix {
           0.296307, 0.939627,-0.171180, 0.000000,
          -0.500237, 0.000001,-0.865888, 0.000000,
          -0.813612, 0.342200, 0.470037, 0.000000,
          -1.275871,-2.838390,-4.188550, 1.000000;;
        }
      } // End of Spider_Armature_v2_B3_R_001
      Frame Spider_Armature_v3_B3_L_001 {
        FrameTransformMatrix {
          -0.296306,-0.939628, 0.171180, 0.000000,
           0.500236, 0.000000, 0.865889, 0.000000,
          -0.813613, 0.342198, 0.470036, 0.000000,
           4.445877, 0.906090, 2.721414, 1.000000;;
        }
      } // End of Spider_Armature_v3_B3_L_001
      Frame Spider_Armature_v3_B3_R_001 {
        FrameTransformMatrix {
           0.351544, 0.913876,-0.203091, 0.000000,
          -0.500236, 0.000001,-0.865889, 0.000000,
          -0.791316, 0.405992, 0.457154, 0.000000,
          -0.136720, 0.906091,-5.210879, 1.000000;;
        }
      } // End of Spider_Armature_v3_B3_R_001
      Frame Spider_Armature_v4_B3_L_001 {
        FrameTransformMatrix {
          -0.296306,-0.939628, 0.171179, 0.000000,
           0.500236,-0.000001, 0.865889, 0.000000,
          -0.813613, 0.342198, 0.470035, 0.000000,
           4.269244, 3.662941, 0.211226, 1.000000;;
        }
      } // End of Spider_Armature_v4_B3_L_001
      Frame Spider_Armature_v4_B3_R_001 {
        FrameTransformMatrix {
           0.296307, 0.939628,-0.171180, 0.000000,
          -0.500237, 0.000001,-0.865889, 0.000000,
          -0.813613, 0.342199, 0.470037, 0.000000,
           1.949620, 3.662941,-3.803952, 1.000000;;
        }
      } // End of Spider_Armature_v4_B3_R_001
      Frame Spider_Armature_v_B3_L_001 {
        FrameTransformMatrix {
          -0.296306,-0.939628, 0.171181, 0.000000,
           0.500236, 0.000001, 0.865890, 0.000000,
          -0.813614, 0.342198, 0.470035, 0.000000,
           0.810986,-5.499290, 1.593463, 1.000000;;
        }
      } // End of Spider_Armature_v_B3_L_001
      Frame Spider_Armature_v_B3_R_001 {
        FrameTransformMatrix {
           0.296306, 0.939627,-0.171180, 0.000000,
          -0.500238, 0.000001,-0.865888, 0.000000,
          -0.813612, 0.342199, 0.470037, 0.000000,
          -0.975306,-5.499291,-1.498537, 1.000000;;
        }
      } // End of Spider_Armature_v_B3_R_001
    } // End of Spider_Armature_Body_003
    Frame Spider {
      FrameTransformMatrix {
         1.000000, 0.000000, 0.000000, 0.000000,
         0.000000, 1.000000, 0.000000, 0.000000,
         0.000000, 0.000000, 1.000000, 0.000000,
         0.000000, 0.012111,-2.050272, 1.000000;;
      }
    } // End of Spider
    Frame Spider_Eyes {
      FrameTransformMatrix {
         1.000000, 0.000000, 0.000000, 0.000000,
         0.000000, 1.000000, 0.000000, 0.000000,
         0.000000, 0.000000, 1.000000, 0.000000,
         0.000000, 0.012111,-2.050272, 1.000000;;
      }
    } // End of Spider_Eyes
    Frame Spider_Fur {
      FrameTransformMatrix {
         1.000000, 0.000000, 0.000000, 0.000000,
         0.000000, 1.000000, 0.000000, 0.000000,
         0.000000, 0.000000, 1.000000, 0.000000,
         0.000000, 0.012111,-2.050272, 1.000000;;
      }
    } // End of Spider_Fur
    Frame Spider_teeth {
      FrameTransformMatrix {
         1.000000, 0.000000, 0.000000, 0.000000,
         0.000000, 1.000000, 0.000000, 0.000000,
         0.000000, 0.000000, 1.000000, 0.000000,
         0.000000, 0.012111,-2.050272, 1.000000;;
      }
    } // End of Spider_teeth
  } // End of Spider_Armature
} // End of Root
